<?xml version="1.0" encoding="UTF-8" standalone="no"?>
<svg
   viewBox="0 0 666 665"
   width="666"
   height="665"
   version="1.1"
   id="svg26"
   sodipodi:docname="Screenshot from 2025-06-05 23-03-40.svg"
   inkscape:version="1.1.2 (0a00cf5339, 2022-02-04)"
   xmlns:inkscape="http://www.inkscape.org/namespaces/inkscape"
   xmlns:sodipodi="http://sodipodi.sourceforge.net/DTD/sodipodi-0.dtd"
   xmlns="http://www.w3.org/2000/svg"
   xmlns:svg="http://www.w3.org/2000/svg">
  <defs
     id="defs30" />
  <sodipodi:namedview
     id="namedview28"
     pagecolor="#ffffff"
     bordercolor="#666666"
     borderopacity="1.0"
     inkscape:pageshadow="2"
     inkscape:pageopacity="0.0"
     inkscape:pagecheckerboard="0"
     showgrid="false"
     inkscape:zoom="0.88787092"
     inkscape:cx="307.47713"
     inkscape:cy="350.83929"
     inkscape:window-width="1920"
     inkscape:window-height="1017"
     inkscape:window-x="0"
     inkscape:window-y="0"
     inkscape:window-maximized="1"
     inkscape:current-layer="svg26" />
  <g
     fill="None"
     fill-opacity="0.0"
     id="g4">
    <path
       d=" M 0.00 665.00  L 666.00 665.00 L 666.00 0.00 L 0.00 0.00 L 0.00 665.00 M 506.00 61.00  C 512.82 63.15 517.49 72.92 523.75 77.25 C 530.01 81.58 534.81 89.11 541.25 93.75 C 547.69 98.40 553.13 105.48 559.75 110.25 C 566.38 115.02 571.16 121.30 577.25 126.75 C 583.35 132.19 588.51 136.82 594.75 143.25 C 600.99 149.68 609.54 154.01 608.00 165.00 C 606.46 175.99 608.65 187.74 608.00 199.00 C 607.35 210.26 608.26 222.66 608.00 234.00 C 607.74 245.34 608.01 256.69 608.00 268.00 C 607.99 279.31 607.77 290.72 608.00 302.00 C 608.23 313.28 609.32 324.58 609.00 336.00 C 608.68 347.42 609.03 358.69 609.00 370.00 C 608.97 381.31 609.11 393.41 608.22 404.22 C 607.33 415.03 607.40 426.78 608.98 437.02 C 610.55 447.27 604.40 453.79 597.30 459.30 C 590.20 464.82 585.16 469.93 578.75 475.75 C 572.34 481.58 567.18 486.16 560.75 491.75 C 554.32 497.35 549.38 503.72 542.75 508.75 C 536.13 513.79 532.26 520.38 525.25 525.25 C 518.23 530.12 515.39 536.91 507.25 541.25 C 499.11 545.59 484.30 542.14 474.00 543.00 C 463.71 543.86 450.89 542.57 440.00 543.00 C 429.11 543.43 416.04 542.68 405.00 543.00 C 393.96 543.32 381.88 542.59 371.00 543.00 C 360.12 543.41 347.41 542.22 337.00 543.00 C 326.59 543.78 311.90 540.95 302.93 543.93 C 293.95 546.90 289.97 553.15 282.25 557.25 C 274.54 561.36 268.98 567.29 261.77 571.77 C 254.56 576.25 248.72 581.04 241.75 585.75 C 234.79 590.47 228.01 594.07 221.25 599.25 C 214.50 604.43 207.58 608.29 200.77 613.77 C 193.96 619.25 188.17 622.29 180.92 627.92 C 173.66 633.54 168.11 635.72 160.25 642.25 C 152.39 648.78 143.48 647.67 145.00 635.00 C 146.52 622.33 144.25 612.81 145.00 601.00 C 145.75 589.19 144.48 577.20 145.00 566.00 C 145.52 554.80 144.36 542.33 145.00 532.00 C 145.64 521.67 137.02 518.28 131.25 511.75 C 125.47 505.23 118.18 501.66 112.30 495.70 C 106.43 489.74 100.97 484.91 94.75 479.25 C 88.54 473.58 82.52 468.71 76.25 462.75 C 69.98 456.80 61.34 453.32 62.00 443.00 C 62.66 432.68 61.71 419.98 62.00 409.00 C 62.29 398.02 61.88 385.26 62.00 374.00 C 62.12 362.74 61.98 351.38 62.00 340.00 C 62.02 328.62 62.05 316.42 62.00 305.00 C 61.95 293.58 62.17 282.39 62.00 271.00 C 61.83 259.61 62.40 248.41 62.00 237.00 C 61.60 225.59 62.86 213.36 62.00 202.00 C 61.14 190.64 63.97 179.20 62.00 168.00 C 60.03 156.80 66.24 150.74 73.75 144.75 C 81.26 138.77 84.39 133.66 91.25 128.25 C 98.11 122.84 102.06 116.83 108.75 111.75 C 115.44 106.66 120.32 100.16 126.75 94.75 C 133.18 89.34 137.31 83.22 144.25 78.25 C 151.18 73.28 154.16 65.01 162.75 61.75 C 171.34 58.48 185.73 61.97 196.00 61.00 C 206.27 60.03 219.04 61.42 230.00 61.00 C 240.96 60.58 253.75 61.19 265.00 61.00 C 276.25 60.81 287.62 61.06 299.00 61.00 C 310.38 60.94 322.59 60.98 334.00 61.00 C 345.41 61.02 356.62 60.88 368.00 61.00 C 379.38 61.12 390.63 60.69 402.00 61.00 C 413.37 61.31 425.71 60.33 437.00 61.00 C 448.29 61.67 459.96 59.46 471.00 61.00 C 482.04 62.54 495.49 57.68 506.00 61.00 Z"
       id="path2" />
  </g>
  <g
     fill="None"
     fill-opacity="0.0"
     stroke="#BC6745"
     stroke-opacity="1.00"
     stroke-width="0.3"
     id="g8">
    <path
       d="m 506,61 c -10.51,-3.32 -23.96,1.54 -35,0 -11.04,-1.54 -22.71,0.67 -34,0 -11.29,-0.67 -23.63,0.31 -35,0 -11.37,-0.31 -22.62,0.12 -34,0 -11.38,-0.12 -22.59,0.02 -34,0 -11.41,-0.02 -23.62,-0.06 -35,0 -11.38,0.06 -22.75,-0.19 -34,0 -11.25,0.19 -24.04,-0.42 -35,0 -10.96,0.42 -23.73,-0.97 -34,0 -10.27,0.97 -24.66,-2.52 -33.25,0.75 -8.59,3.26 -11.57,11.53 -18.5,16.5 -6.94,4.97 -11.07,11.09 -17.5,16.5 -6.43,5.41 -11.31,11.91 -18,17 -6.69,5.08 -10.64,11.09 -17.5,16.5 -6.86,5.41 -9.99,10.52 -17.5,16.5 C 66.24,150.74 60.03,156.8 62,168 c 1.97,11.2 -0.86,22.64 0,34 0.86,11.36 -0.4,23.59 0,35 0.4,11.41 -0.17,22.61 0,34 0.17,11.39 -0.05,22.58 0,34 0.05,11.42 0.02,23.62 0,35 -0.02,11.38 0.12,22.74 0,34 -0.12,11.26 0.29,24.02 0,35 -0.29,10.98 0.66,23.68 0,34 -0.66,10.32 7.98,13.8 14.25,19.75 6.27,5.96 12.29,10.83 18.5,16.5 6.22,5.66 11.68,10.49 17.55,16.45 5.88,5.96 12.1837,10.00694 18.95,16.05 6.27714,6.13289 14.39,9.92 13.75,20.25 -0.64,10.33 0.52,22.8 0,34 -0.52,11.2 0.75,23.19 0,35 -0.75,11.81 1.52,21.33 0,34 -1.52,12.67 7.39,13.78 15.25,7.25 7.86,-6.53 13.41,-8.71 20.67,-14.33 7.25,-5.63 13.04,-8.67 19.85,-14.15 6.81,-5.48 13.73,-9.34 20.48,-14.52 6.76,-5.18 13.54,-8.78 20.5,-13.5 6.97,-4.71 12.81,-9.5 20.02,-13.98 7.21,-4.48 12.77,-10.41 20.48,-14.52 7.72,-4.1 11.7,-10.35 20.68,-13.32 8.97,-2.98 23.66,-0.15 34.07,-0.93 10.41,-0.78 23.12,0.41 34,0 10.88,-0.41 22.96,0.32 34,0 11.04,-0.32 24.11,0.43 35,0 10.89,-0.43 23.71,0.86 34,0 10.3,-0.86 25.11,2.59 33.25,-1.75 8.14,-4.34 10.98,-11.13 18,-16 7.01,-4.87 10.88,-11.46 17.5,-16.5 6.63,-5.03 11.57,-11.4 18,-17 6.43,-5.59 11.59,-10.17 18,-16 6.41,-5.82 11.45,-10.93 18.55,-16.45 7.1,-5.51 13.25,-12.03 11.68,-22.28 -1.58,-10.24 -1.65,-21.99 -0.76,-32.8 0.89,-10.81 0.75,-22.91 0.78,-34.22 0.03,-11.31 -0.32,-22.58 0,-34 0.32,-11.42 -0.77,-22.72 -1,-34 -0.23,-11.28 -0.01,-22.69 0,-34 0.01,-11.31 -0.26,-22.66 0,-34 0.26,-11.34 -0.65,-23.74 0,-35 0.65,-11.26 -1.54,-23.01 0,-34 1.54,-10.99 -7.01,-15.32 -13.25,-21.75 -6.24,-6.43 -11.4,-11.06 -17.5,-16.5 -6.09,-5.45 -10.87,-11.73 -17.5,-16.5 -6.62,-4.77 -12.06,-11.85 -18.5,-16.5 -6.44,-4.64 -11.24,-12.17 -17.5,-16.5 C 517.49,72.92 512.82,63.15 506,61 M 224,432 c 1.9,-7.42 8.3,-11.83 12.92,-18.08 4.62,-6.26 10.37,-9.57 15.33,-16.67 4.95,-7.1 12.25,-9.86 21.76,-9.24 9.5,0.62 20.32,-1.55 29.99,-2.01 9.67,-0.45 19.32,-1.32 29.22,-1.78 9.9,-0.46 19.05,-3.09 29.45,-2.55 10.4,0.54 17.72,-5.44 11.33,-16.67 -32.51,0.98 -65.5,5.14 -97,7 3.79,-6.01 9.66,-9.38 14.23,-14.77 4.57,-5.39 9.6,-10.21 15.02,-14.98 5.42,-4.78 9.75,-9.59 15,-15 5.25,-5.42 9.16,-8.59 14.5,-14.5 5.34,-5.91 9.59,-11.33 18.25,-11.75 8.66,-0.41 19.22,-0.98 28,-2 8.78,-1.02 18.49,0 27.07,-1.93 8.59,-1.92 20.67,4.68 23.92,-6.08 3.26,-10.76 -9.04,-13.75 -16.99,-10.99 -7.96,2.76 -19.66,2.08 -27,3 -7.34,0.92 -23.11,2.53 -18.75,-3.75 4.36,-6.28 10.28,-9.35 15,-15 4.72,-5.65 11.19,-8.44 16,-14 4.81,-5.56 10.25,-8.4 15.5,-13.5 5.24,-5.11 13.97,-7.4 10.47,-15.97 -3.49,-8.58 -12.82,-5.56 -17.92,0.52 -5.1,6.09 -10.63,9.14 -15.53,14.47 -4.9,5.32 -10.24,8.69 -15.47,13.53 -5.22,4.85 -10.92,8.77 -16.05,13.95 -5.12,5.19 -9.67,8.67 -15,15 -5.34,6.33 -8.18,7.34 -14.33,14.67 -6.16,7.33 -12.82,7.03 -9.99,-3.99 2.83,-11.03 -0.12,-18.1 2.07,-27.93 2.18,-9.83 0.24,-18.78 2,-28 1.76,-9.22 -14.79,-11.33 -15.78,-2.78 -0.98,8.56 -2.36,18.76 -2.22,27.78 0.14,9.02 -1.59,19.21 -2,28 -0.41,8.79 -1.49,18.7 -1.98,27.02 -0.48,8.33 -5.33,13.62 -11.27,18.73 -5.93,5.12 -9.3,10.21 -15,15 -5.7,4.79 -9.34,12.44 -16.75,13.25 0.78,-13.21 -0.92,-23.82 -1,-37 -0.08,-13.18 -0.09,-25.28 0,-39 0.09,-13.72 -17.68,-10.4 -15,3 2.68,13.4 -2.01,26.09 0,39 2.01,12.91 -2.82,25.33 0.33,37.67 3.15,12.34 -0.77,18.03 -9.08,26.58 -8.31,8.54 -9.27,10.1 -18,20 -8.74,9.9 -10.68,-4.28 -12.58,-14.92 -1.9,-10.65 -4.29,-21.94 -4.67,-33.33 -0.38,-11.39 -0.12,-27.08 1,-38 1.11,-10.93 3.63,-21.32 6.98,-31.02 3.34,-9.71 6.37,-19.05 11.79,-27.21 5.42,-8.16 8.93,-15.55 15.48,-22.52 6.56,-6.96 12.58,-13.37 20,-19 7.41,-5.63 14.03,-10.88 22,-16 7.97,-5.12 17.17,-8.78 25.98,-13.02 8.81,-4.25 17.97,-7.12 27.45,-10.55 9.47,-3.43 19.35,-6.69 29.39,-9.61 10.04,-2.92 20.53,-3.96 30.95,-7.05 10.43,-3.08 22.04,-3.41 33,-6 10.97,-2.58 23.51,-0.99 34.98,-3.02 11.47,-2.03 24.79,-4.32 25,10 0.21,14.33 2.38,22.64 2,36 -0.38,13.36 -0.31,25.12 -1.93,37.07 -1.61,11.96 -1.79,22.37 -5,33 -3.2,10.63 -4.07,21.25 -8.05,30.95 -3.97,9.71 -6.82,18 -10.99,27.01 -4.18,9 -8.92,16.76 -14.28,24.72 -5.37,7.95 -9.52,14.82 -16,22 -6.48,7.19 -13.01,12.63 -20.5,18.5 -7.48,5.87 -14.32,10.67 -23.33,14.67 -9,4.01 -17.16,9.31 -27.14,11.86 -9.98,2.54 -18.99,6.48 -29.85,8.15 -10.87,1.67 -23.45,3.08 -35,4 -11.56,0.91 -25.59,-0.15 -37.15,-0.71 C 247.21,435.66 234.67,436.13 224,432 Z"
       id="path6"
       sodipodi:nodetypes="csssssssssccscscsssssssssccccssssscsccsccsssscsccccccssssssssscccsccccccssccsccscscccssssccccccccccscssccscssssscccsccsccsccsccscsccccccccccccc" />
  </g>
  <g
     fill="None"
     fill-opacity="0.0"
     stroke="#EFF1EA"
     stroke-opacity="1.00"
     stroke-width="0.3"
     id="g12">
    <path
       d=" M 224.00 432.00  C 234.67 436.13 247.21 435.66 258.78 436.22 C 270.34 436.78 284.37 437.84 295.93 436.93 C 307.48 436.01 320.06 434.60 330.93 432.93 C 341.79 431.26 350.80 427.32 360.78 424.78 C 370.76 422.23 378.92 416.93 387.92 412.92 C 396.93 408.92 403.77 404.12 411.25 398.25 C 418.74 392.38 425.27 386.94 431.75 379.75 C 438.23 372.57 442.38 365.70 447.75 357.75 C 453.11 349.79 457.85 342.03 462.03 333.03 C 466.20 324.02 469.05 315.73 473.02 306.02 C 477.00 296.32 477.87 285.70 481.07 275.07 C 484.28 264.44 484.46 254.03 486.07 242.07 C 487.69 230.12 487.62 218.36 488.00 205.00 C 488.38 191.64 486.21 183.33 486.00 169.00 C 485.79 154.68 472.47 156.97 461.00 159.00 C 449.53 161.03 436.99 159.44 426.02 162.02 C 415.06 164.61 403.45 164.94 393.02 168.02 C 382.60 171.11 372.11 172.15 362.07 175.07 C 352.03 177.99 342.15 181.25 332.68 184.68 C 323.20 188.11 314.04 190.98 305.23 195.23 C 296.42 199.47 287.22 203.13 279.25 208.25 C 271.28 213.37 264.66 218.62 257.25 224.25 C 249.83 229.88 243.81 236.29 237.25 243.25 C 230.70 250.22 227.19 257.61 221.77 265.77 C 216.35 273.93 213.32 283.27 209.98 292.98 C 206.63 302.68 204.11 313.07 203.00 324.00 C 201.88 334.92 201.62 350.61 202.00 362.00 C 202.38 373.39 204.77 384.68 206.67 395.33 C 208.57 405.97 210.51 420.15 219.25 410.25 C 227.98 400.35 228.94 398.79 237.25 390.25 C 245.56 381.70 249.48 376.01 246.33 363.67 C 243.18 351.33 248.01 338.91 246.00 326.00 C 243.99 313.09 248.68 300.40 246.00 287.00 C 243.32 273.60 261.09 270.28 261.00 284.00 C 260.91 297.72 260.92 309.82 261.00 323.00 C 261.08 336.18 262.78 346.79 262.00 360.00 C 269.41 359.19 273.05 351.54 278.75 346.75 C 284.45 341.96 287.82 336.87 293.75 331.75 C 299.69 326.64 304.54 321.35 305.02 313.02 C 305.51 304.70 306.59 294.79 307.00 286.00 C 307.41 277.21 309.14 267.02 309.00 258.00 C 308.86 248.98 310.24 238.78 311.22 230.22 C 312.21 221.67 328.76 223.78 327.00 233.00 C 325.24 242.22 327.18 251.17 325.00 261.00 C 322.81 270.83 325.76 277.90 322.93 288.93 C 320.10 299.95 326.76 300.25 332.92 292.92 C 339.07 285.59 341.91 284.58 347.25 278.25 C 352.58 271.92 357.13 268.44 362.25 263.25 C 367.38 258.07 373.08 254.15 378.30 249.30 C 383.53 244.46 388.87 241.09 393.77 235.77 C 398.67 230.44 404.20 227.39 409.30 221.30 C 414.40 215.22 423.73 212.20 427.22 220.78 C 430.72 229.35 421.99 231.64 416.75 236.75 C 411.50 241.85 406.06 244.69 401.25 250.25 C 396.44 255.81 389.97 258.60 385.25 264.25 C 380.53 269.90 374.61 272.97 370.25 279.25 C 365.89 285.53 381.66 283.92 389.00 283.00 C 396.34 282.08 408.04 282.76 416.00 280.00 C 423.95 277.24 436.25 280.23 432.99 290.99 C 429.74 301.75 417.66 295.15 409.07 297.07 C 400.49 299.00 390.78 297.98 382.00 299.00 C 373.22 300.02 362.66 300.59 354.00 301.00 C 345.34 301.42 341.09 306.84 335.75 312.75 C 330.41 318.66 326.50 321.83 321.25 327.25 C 316.00 332.66 311.67 337.47 306.25 342.25 C 300.83 347.02 295.80 351.84 291.23 357.23 C 286.66 362.62 280.79 365.99 277.00 372.00 C 308.50 370.14 341.49 365.98 374.00 365.00 C 380.39 376.23 373.07 382.21 362.67 381.67 C 352.27 381.13 343.12 383.76 333.22 384.22 C 323.32 384.68 313.67 385.55 304.00 386.00 C 294.33 386.46 283.51 388.63 274.01 388.01 C 264.50 387.39 257.20 390.15 252.25 397.25 C 247.29 404.35 241.54 407.66 236.92 413.92 C 232.30 420.17 225.90 424.58 224.00 432.00 Z"
       id="path10" />
  </g>
  <g
     fill="#bc6745"
     fill-opacity="1"
     stroke="#000"
     id="g20">
    <path
       d="m 506,61 c -10.51,-3.32 -23.96,1.54 -35,0 -11.04,-1.54 -22.71,0.67 -34,0 -11.29,-0.67 -23.63,0.31 -35,0 -11.37,-0.31 -22.62,0.12 -34,0 -11.38,-0.12 -22.59,0.02 -34,0 -11.41,-0.02 -23.62,-0.06 -35,0 -11.38,0.06 -22.75,-0.19 -34,0 -11.25,0.19 -24.04,-0.42 -35,0 -10.96,0.42 -23.73,-0.97 -34,0 -10.27,0.97 -24.66,-2.52 -33.25,0.75 -8.59,3.26 -11.57,11.53 -18.5,16.5 -6.94,4.97 -11.07,11.09 -17.5,16.5 -6.43,5.41 -11.31,11.91 -18,17 -6.69,5.08 -10.64,11.09 -17.5,16.5 -6.86,5.41 -9.99,10.52 -17.5,16.5 C 66.24,150.74 60.03,156.8 62,168 c 1.97,11.2 -0.86,22.64 0,34 0.86,11.36 -0.4,23.59 0,35 0.4,11.41 -0.17,22.61 0,34 0.17,11.39 -0.05,22.58 0,34 0.05,11.42 0.02,23.62 0,35 -0.02,11.38 0.12,22.74 0,34 -0.12,11.26 0.29,24.02 0,35 -0.29,10.98 0.66,23.68 0,34 -0.66,10.32 7.98,13.8 14.25,19.75 6.27,5.96 12.29,10.83 18.5,16.5 6.22,5.66 11.68,10.49 17.55,16.45 5.88,5.96 12.54683,9.92338 18.95,16.05 6.23788,5.91176 14.39,9.92 13.75,20.25 -0.64,10.33 0.52,22.8 0,34 -0.52,11.2 0.75,23.19 0,35 -0.75,11.81 1.52,21.33 0,34 -1.52,12.67 7.39,13.78 15.25,7.25 7.86,-6.53 13.41,-8.71 20.67,-14.33 7.25,-5.63 13.04,-8.67 19.85,-14.15 6.81,-5.48 13.73,-9.34 20.48,-14.52 6.76,-5.18 13.54,-8.78 20.5,-13.5 6.97,-4.71 12.81,-9.5 20.02,-13.98 7.21,-4.48 12.77,-10.41 20.48,-14.52 7.72,-4.1 11.7,-10.35 20.68,-13.32 8.97,-2.98 23.66,-0.15 34.07,-0.93 10.41,-0.78 23.12,0.41 34,0 10.88,-0.41 22.96,0.32 34,0 11.04,-0.32 24.11,0.43 35,0 10.89,-0.43 23.71,0.86 34,0 10.3,-0.86 25.11,2.59 33.25,-1.75 8.14,-4.34 10.98,-11.13 18,-16 7.01,-4.87 10.88,-11.46 17.5,-16.5 6.63,-5.03 11.57,-11.4 18,-17 6.43,-5.59 11.59,-10.17 18,-16 6.41,-5.82 11.45,-10.93 18.55,-16.45 7.1,-5.51 13.25,-12.03 11.68,-22.28 -1.58,-10.24 -1.65,-21.99 -0.76,-32.8 0.89,-10.81 0.75,-22.91 0.78,-34.22 0.03,-11.31 -0.32,-22.58 0,-34 0.32,-11.42 -0.77,-22.72 -1,-34 -0.23,-11.28 -0.01,-22.69 0,-34 0.01,-11.31 -0.26,-22.66 0,-34 0.26,-11.34 -0.65,-23.74 0,-35 0.65,-11.26 -1.54,-23.01 0,-34 1.54,-10.99 -7.01,-15.32 -13.25,-21.75 -6.24,-6.43 -11.4,-11.06 -17.5,-16.5 -6.09,-5.45 -10.87,-11.73 -17.5,-16.5 -6.62,-4.77 -12.06,-11.85 -18.5,-16.5 -6.44,-4.64 -11.24,-12.17 -17.5,-16.5 C 517.49,72.92 512.82,63.15 506,61 M 224,432 c 1.9,-7.42 8.3,-11.83 12.92,-18.08 4.62,-6.26 10.37,-9.57 15.33,-16.67 4.95,-7.1 12.25,-9.86 21.76,-9.24 9.5,0.62 20.32,-1.55 29.99,-2.01 9.67,-0.45 19.32,-1.32 29.22,-1.78 9.9,-0.46 19.05,-3.09 29.45,-2.55 10.4,0.54 17.72,-5.44 11.33,-16.67 -32.51,0.98 -65.5,5.14 -97,7 3.79,-6.01 9.66,-9.38 14.23,-14.77 4.57,-5.39 9.6,-10.21 15.02,-14.98 5.42,-4.78 9.75,-9.59 15,-15 5.25,-5.42 9.16,-8.59 14.5,-14.5 5.34,-5.91 9.59,-11.33 18.25,-11.75 8.66,-0.41 19.22,-0.98 28,-2 8.78,-1.02 18.49,0 27.07,-1.93 8.59,-1.92 20.67,4.68 23.92,-6.08 3.26,-10.76 -9.04,-13.75 -16.99,-10.99 -7.96,2.76 -19.66,2.08 -27,3 -7.34,0.92 -23.11,2.53 -18.75,-3.75 4.36,-6.28 10.28,-9.35 15,-15 4.72,-5.65 11.19,-8.44 16,-14 4.81,-5.56 10.25,-8.4 15.5,-13.5 5.24,-5.11 13.97,-7.4 10.47,-15.97 -3.49,-8.58 -12.82,-5.56 -17.92,0.52 -5.1,6.09 -10.63,9.14 -15.53,14.47 -4.9,5.32 -10.24,8.69 -15.47,13.53 -5.22,4.85 -10.92,8.77 -16.05,13.95 -5.12,5.19 -9.67,8.67 -15,15 -5.34,6.33 -8.18,7.34 -14.33,14.67 -6.16,7.33 -12.82,7.03 -9.99,-3.99 2.83,-11.03 -0.12,-18.1 2.07,-27.93 2.18,-9.83 0.24,-18.78 2,-28 1.76,-9.22 -14.79,-11.33 -15.78,-2.78 -0.98,8.56 -2.36,18.76 -2.22,27.78 0.14,9.02 -1.59,19.21 -2,28 -0.41,8.79 -1.49,18.7 -1.98,27.02 -0.48,8.33 -5.33,13.62 -11.27,18.73 -5.93,5.12 -9.3,10.21 -15,15 -5.7,4.79 -9.34,12.44 -16.75,13.25 0.78,-13.21 -0.92,-23.82 -1,-37 -0.08,-13.18 -0.09,-25.28 0,-39 0.09,-13.72 -17.68,-10.4 -15,3 2.68,13.4 -2.01,26.09 0,39 2.01,12.91 -2.82,25.33 0.33,37.67 3.15,12.34 -0.77,18.03 -9.08,26.58 -8.31,8.54 -9.27,10.1 -18,20 -8.74,9.9 -10.68,-4.28 -12.58,-14.92 -1.9,-10.65 -4.29,-21.94 -4.67,-33.33 -0.38,-11.39 -0.12,-27.08 1,-38 1.11,-10.93 3.63,-21.32 6.98,-31.02 3.34,-9.71 6.37,-19.05 11.79,-27.21 5.42,-8.16 8.93,-15.55 15.48,-22.52 6.56,-6.96 12.58,-13.37 20,-19 7.41,-5.63 14.03,-10.88 22,-16 7.97,-5.12 17.17,-8.78 25.98,-13.02 8.81,-4.25 17.97,-7.12 27.45,-10.55 9.47,-3.43 19.35,-6.69 29.39,-9.61 10.04,-2.92 20.53,-3.96 30.95,-7.05 10.43,-3.08 22.04,-3.41 33,-6 10.97,-2.58 23.51,-0.99 34.98,-3.02 11.47,-2.03 24.79,-4.32 25,10 0.21,14.33 2.38,22.64 2,36 -0.38,13.36 -0.31,25.12 -1.93,37.07 -1.61,11.96 -1.79,22.37 -5,33 -3.2,10.63 -4.07,21.25 -8.05,30.95 -3.97,9.71 -6.82,18 -10.99,27.01 -4.18,9 -8.92,16.76 -14.28,24.72 -5.37,7.95 -9.52,14.82 -16,22 -6.48,7.19 -13.01,12.63 -20.5,18.5 -7.48,5.87 -14.32,10.67 -23.33,14.67 -9,4.01 -17.16,9.31 -27.14,11.86 -9.98,2.54 -18.99,6.48 -29.85,8.15 -10.87,1.67 -23.45,3.08 -35,4 -11.56,0.91 -25.59,-0.15 -37.15,-0.71 C 247.21,435.66 234.67,436.13 224,432 Z"
       id="path18"
       sodipodi:nodetypes="csssssssssccscscsssssssssccccssssscsccsccsssscsccccccssssssssscccsccccccssccsccscscccssssccccccccccscssccscssssscccsccsccsccsccscsccccccccccccc" />
  </g>
  <g
     fill="#5A7454"
     fill-opacity="1.00"
     stroke="#000"
     id="g24">
    <path
       d=" M 224.00 432.00  C 234.67 436.13 247.21 435.66 258.78 436.22 C 270.34 436.78 284.37 437.84 295.93 436.93 C 307.48 436.01 320.06 434.60 330.93 432.93 C 341.79 431.26 350.80 427.32 360.78 424.78 C 370.76 422.23 378.92 416.93 387.92 412.92 C 396.93 408.92 403.77 404.12 411.25 398.25 C 418.74 392.38 425.27 386.94 431.75 379.75 C 438.23 372.57 442.38 365.70 447.75 357.75 C 453.11 349.79 457.85 342.03 462.03 333.03 C 466.20 324.02 469.05 315.73 473.02 306.02 C 477.00 296.32 477.87 285.70 481.07 275.07 C 484.28 264.44 484.46 254.03 486.07 242.07 C 487.69 230.12 487.62 218.36 488.00 205.00 C 488.38 191.64 486.21 183.33 486.00 169.00 C 485.79 154.68 472.47 156.97 461.00 159.00 C 449.53 161.03 436.99 159.44 426.02 162.02 C 415.06 164.61 403.45 164.94 393.02 168.02 C 382.60 171.11 372.11 172.15 362.07 175.07 C 352.03 177.99 342.15 181.25 332.68 184.68 C 323.20 188.11 314.04 190.98 305.23 195.23 C 296.42 199.47 287.22 203.13 279.25 208.25 C 271.28 213.37 264.66 218.62 257.25 224.25 C 249.83 229.88 243.81 236.29 237.25 243.25 C 230.70 250.22 227.19 257.61 221.77 265.77 C 216.35 273.93 213.32 283.27 209.98 292.98 C 206.63 302.68 204.11 313.07 203.00 324.00 C 201.88 334.92 201.62 350.61 202.00 362.00 C 202.38 373.39 204.77 384.68 206.67 395.33 C 208.57 405.97 210.51 420.15 219.25 410.25 C 227.98 400.35 228.94 398.79 237.25 390.25 C 245.56 381.70 249.48 376.01 246.33 363.67 C 243.18 351.33 248.01 338.91 246.00 326.00 C 243.99 313.09 248.68 300.40 246.00 287.00 C 243.32 273.60 261.09 270.28 261.00 284.00 C 260.91 297.72 260.92 309.82 261.00 323.00 C 261.08 336.18 262.78 346.79 262.00 360.00 C 269.41 359.19 273.05 351.54 278.75 346.75 C 284.45 341.96 287.82 336.87 293.75 331.75 C 299.69 326.64 304.54 321.35 305.02 313.02 C 305.51 304.70 306.59 294.79 307.00 286.00 C 307.41 277.21 309.14 267.02 309.00 258.00 C 308.86 248.98 310.24 238.78 311.22 230.22 C 312.21 221.67 328.76 223.78 327.00 233.00 C 325.24 242.22 327.18 251.17 325.00 261.00 C 322.81 270.83 325.76 277.90 322.93 288.93 C 320.10 299.95 326.76 300.25 332.92 292.92 C 339.07 285.59 341.91 284.58 347.25 278.25 C 352.58 271.92 357.13 268.44 362.25 263.25 C 367.38 258.07 373.08 254.15 378.30 249.30 C 383.53 244.46 388.87 241.09 393.77 235.77 C 398.67 230.44 404.20 227.39 409.30 221.30 C 414.40 215.22 423.73 212.20 427.22 220.78 C 430.72 229.35 421.99 231.64 416.75 236.75 C 411.50 241.85 406.06 244.69 401.25 250.25 C 396.44 255.81 389.97 258.60 385.25 264.25 C 380.53 269.90 374.61 272.97 370.25 279.25 C 365.89 285.53 381.66 283.92 389.00 283.00 C 396.34 282.08 408.04 282.76 416.00 280.00 C 423.95 277.24 436.25 280.23 432.99 290.99 C 429.74 301.75 417.66 295.15 409.07 297.07 C 400.49 299.00 390.78 297.98 382.00 299.00 C 373.22 300.02 362.66 300.59 354.00 301.00 C 345.34 301.42 341.09 306.84 335.75 312.75 C 330.41 318.66 326.50 321.83 321.25 327.25 C 316.00 332.66 311.67 337.47 306.25 342.25 C 300.83 347.02 295.80 351.84 291.23 357.23 C 286.66 362.62 280.79 365.99 277.00 372.00 C 308.50 370.14 341.49 365.98 374.00 365.00 C 380.39 376.23 373.07 382.21 362.67 381.67 C 352.27 381.13 343.12 383.76 333.22 384.22 C 323.32 384.68 313.67 385.55 304.00 386.00 C 294.33 386.46 283.51 388.63 274.01 388.01 C 264.50 387.39 257.20 390.15 252.25 397.25 C 247.29 404.35 241.54 407.66 236.92 413.92 C 232.30 420.17 225.90 424.58 224.00 432.00 Z"
       id="path22" />
  </g>
</svg>
